100 0.000221 
200 0.000355 
300 0.000519 
400 0.000674 
500 0.000865 
600 0.000947 
700 0.001057 
800 0.001225 
900 0.001410 
1000 0.002541 
1100 0.002645 
1200 0.002878 
1300 0.002954 
1400 0.003150 
1500 0.003458 
1600 0.003303 
1700 0.003487 
1800 0.003558 
1900 0.003250 
2000 0.003020 
2100 0.006533 
2200 0.003606 
2300 0.003420 
2400 0.003564 
2500 0.003731 
2600 0.003946 
2700 0.003914 
2800 0.004191 
2900 0.004328 
3000 0.004484 
3100 0.004651 
3200 0.004704 
3300 0.004907 
3400 0.005071 
3500 0.005593 
3600 0.007728 
3700 0.005340 
3800 0.005453 
3900 0.005607 
4000 0.005772 
4100 0.005979 
4200 0.006040 
4300 0.006183 
4400 0.006329 
4500 0.006504 
4600 0.006710 
4700 0.006758 
4800 0.006886 
4900 0.007058 
5000 0.007327 
5100 0.007332 
5200 0.007492 
5300 0.007611 
5400 0.008028 
5500 0.007901 
5600 0.008057 
5700 0.008259 
5800 0.008442 
5900 0.008479 
6000 0.008644 
6100 0.009023 
6200 0.009264 
6300 0.009362 
6400 0.009328 
6500 0.009377 
6600 0.009502 
6700 0.009991 
6800 0.010137 
6900 0.010256 
7000 0.010069 
7100 0.010204 
7200 0.010464 
7300 0.010521 
7400 0.010749 
7500 0.012017 
7600 0.011998 
7700 0.019028 
7800 0.013754 
7900 0.011811 
8000 0.011646 
8100 0.011668 
8200 0.012042 
8300 0.012010 
8400 0.012386 
8500 0.012280 
8600 0.012719 
8700 0.012549 
8800 0.012820 
8900 0.012840 
9000 0.013035 
9100 0.013180 
9200 0.013230 
9300 0.013507 
9400 0.013512 
9500 0.019922 
9600 0.015750 
9700 0.014450 
9800 0.022381 
9900 0.020490 
10000 0.020958 
