100 0.000114 
200 0.000442 
300 0.000989 
400 0.001781 
500 0.002737 
600 0.004051 
700 0.005906 
800 0.005905 
900 0.007400 
1000 0.009212 
1100 0.011059 
1200 0.013260 
1300 0.015346 
1400 0.017801 
1500 0.020513 
1600 0.023309 
1700 0.026196 
1800 0.029508 
1900 0.032811 
2000 0.036432 
2100 0.039995 
2200 0.044000 
2300 0.048175 
2400 0.052408 
2500 0.056949 
2600 0.061473 
2700 0.066456 
2800 0.071370 
2900 0.076763 
3000 0.081771 
3100 0.104053 
3200 0.093784 
3300 0.099290 
3400 0.105623 
3500 0.112501 
3600 0.118577 
3700 0.125639 
3800 0.132069 
3900 0.139435 
4000 0.145972 
4100 0.153565 
4200 0.160266 
4300 0.167766 
4400 0.175721 
4500 0.183892 
4600 0.192281 
4700 0.200884 
4800 0.210166 
4900 0.218849 
5000 0.227902 
5100 0.237170 
5200 0.245785 
5300 0.255479 
5400 0.266284 
5500 0.275630 
5600 0.285008 
5700 0.295093 
5800 0.305630 
5900 0.316004 
6000 0.326711 
6100 0.339960 
6200 0.350091 
6300 0.362433 
6400 0.374092 
6500 0.385644 
6600 0.395910 
6700 0.408514 
6800 0.422564 
6900 0.433508 
7000 0.445612 
7100 0.461453 
7200 0.477977 
7300 0.494521 
7400 0.499969 
7500 0.513433 
7600 0.525354 
7700 0.538772 
7800 0.554308 
7900 0.569678 
8000 0.581483 
8100 0.596741 
8200 0.614768 
8300 0.628726 
8400 0.642000 
8500 0.657644 
8600 0.676154 
8700 0.688848 
8800 0.706544 
8900 0.723427 
9000 0.740819 
9100 0.757717 
9200 0.774150 
9300 0.790909 
9400 0.809424 
9500 0.826148 
9600 0.878972 
9700 0.893245 
9800 0.911550 
9900 0.932192 
10000 0.979869 
