100 4950 4950  
200 19900 19900  
300 44850 44850  
400 79800 79800  
500 124750 124750  
600 179700 179700  
700 244650 244650  
800 319600 319600  
900 404550 404550  
1000 499500 499500  
1100 604450 604450  
1200 719400 719400  
1300 844350 844350  
1400 979300 979300  
1500 1124250 1124250  
1600 1279200 1279200  
1700 1444150 1444150  
1800 1619100 1619100  
1900 1804050 1804050  
2000 1999000 1999000  
2100 2203950 2203950  
2200 2418900 2418900  
2300 2643850 2643850  
2400 2878800 2878800  
2500 3123750 3123750  
2600 3378700 3378700  
2700 3643650 3643650  
2800 3918600 3918600  
2900 4203550 4203550  
3000 4498500 4498500  
3100 4803450 4803450  
3200 5118400 5118400  
3300 5443350 5443350  
3400 5778300 5778300  
3500 6123250 6123250  
3600 6478200 6478200  
3700 6843150 6843150  
3800 7218100 7218100  
3900 7603050 7603050  
4000 7998000 7998000  
4100 8402950 8402950  
4200 8817900 8817900  
4300 9242850 9242850  
4400 9677800 9677800  
4500 10122750 10122750  
4600 10577700 10577700  
4700 11042650 11042650  
4800 11517600 11517600  
4900 12002550 12002550  
5000 12497500 12497500  
5100 13002450 13002450  
5200 13517400 13517400  
5300 14042350 14042350  
5400 14577300 14577300  
5500 15122250 15122250  
5600 15677200 15677200  
5700 16242150 16242150  
5800 16817100 16817100  
5900 17402050 17402050  
6000 17997000 17997000  
6100 18601950 18601950  
6200 19216900 19216900  
6300 19841850 19841850  
6400 20476800 20476800  
6500 21121750 21121750  
6600 21776700 21776700  
6700 22441650 22441650  
6800 23116600 23116600  
6900 23801550 23801550  
7000 24496500 24496500  
7100 25201450 25201450  
7200 25916400 25916400  
7300 26641350 26641350  
7400 27376300 27376300  
7500 28121250 28121250  
7600 28876200 28876200  
7700 29641150 29641150  
7800 30416100 30416100  
7900 31201050 31201050  
8000 31996000 31996000  
8100 32800950 32800950  
8200 33615900 33615900  
8300 34440850 34440850  
8400 35275800 35275800  
8500 36120750 36120750  
8600 36975700 36975700  
8700 37840650 37840650  
8800 38715600 38715600  
8900 39600550 39600550  
9000 40495500 40495500  
9100 41400450 41400450  
9200 42315400 42315400  
9300 43240350 43240350  
9400 44175300 44175300  
9500 45120250 45120250  
9600 46075200 46075200  
9700 47040150 47040150  
9800 48015100 48015100  
9900 49000050 49000050  
10000 49995000 49995000  
