100 0.000075 
200 0.000160 
300 0.000286 
400 0.000359 
500 0.000557 
600 0.000626 
700 0.000717 
800 0.000807 
900 0.000899 
1000 0.001176 
1100 0.001320 
1200 0.001370 
1300 0.001411 
1400 0.001500 
1500 0.001443 
1600 0.001533 
1700 0.001620 
1800 0.001759 
1900 0.001893 
2000 0.002121 
2100 0.002315 
2200 0.002410 
2300 0.002509 
2400 0.002571 
2500 0.002698 
2600 0.002746 
2700 0.002879 
2800 0.002903 
2900 0.002992 
3000 0.003067 
3100 0.003172 
3200 0.003249 
3300 0.003364 
3400 0.003478 
3500 0.003531 
3600 0.003644 
3700 0.003928 
3800 0.004187 
3900 0.004406 
4000 0.004549 
4100 0.004769 
4200 0.004890 
4300 0.005007 
4400 0.005089 
4500 0.005234 
4600 0.005353 
4700 0.005397 
4800 0.005490 
4900 0.005589 
5000 0.005671 
5100 0.005757 
5200 0.005887 
5300 0.006029 
5400 0.006131 
5500 0.006254 
5600 0.006352 
5700 0.006391 
5800 0.006496 
5900 0.006655 
6000 0.006757 
6100 0.006773 
6200 0.006890 
6300 0.006975 
6400 0.007095 
6500 0.007309 
6600 0.007361 
6700 0.007413 
6800 0.007537 
6900 0.007602 
7000 0.007849 
7100 0.007785 
7200 0.007922 
7300 0.008192 
7400 0.008414 
7500 0.008715 
7600 0.008990 
7700 0.009196 
7800 0.009381 
7900 0.009655 
8000 0.009949 
8100 0.010060 
8200 0.010270 
8300 0.010525 
8400 0.010656 
8500 0.010679 
8600 0.010769 
8700 0.011011 
8800 0.011005 
8900 0.011163 
9000 0.011252 
9100 0.011429 
9200 0.011544 
9300 0.011545 
9400 0.011815 
9500 0.011797 
9600 0.011867 
9700 0.012046 
9800 0.012245 
9900 0.012261 
10000 0.012300 
