100 356 356  
200 812 812  
300 1308 1308  
400 1824 1824  
500 2272 2272  
600 2916 2916  
700 3504 3504  
800 4048 4048  
900 4572 4572  
1000 5044 5044  
1100 5732 5732  
1200 6432 6432  
1300 7072 7072  
1400 7708 7708  
1500 8288 8288  
1600 8896 8896  
1700 9516 9516  
1800 10044 10044  
1900 10608 10608  
2000 11088 11088  
2100 11748 11748  
2200 12564 12564  
2300 13292 13292  
2400 14064 14064  
2500 14752 14752  
2600 15444 15444  
2700 16164 16164  
2800 16816 16816  
2900 17484 17484  
3000 18076 18076  
3100 18676 18676  
3200 19392 19392  
3300 20076 20076  
3400 20732 20732  
3500 21340 21340  
3600 21888 21888  
3700 22536 22536  
3800 23116 23116  
3900 23664 23664  
4000 24176 24176  
4100 24624 24624  
4200 25596 25596  
4300 26480 26480  
4400 27328 27328  
4500 28148 28148  
4600 28884 28884  
4700 29748 29748  
4800 30528 30528  
4900 31284 31284  
5000 32004 32004  
5100 32668 32668  
5200 33488 33488  
5300 34288 34288  
5400 35028 35028  
5500 35756 35756  
5600 36432 36432  
5700 37156 37156  
5800 37868 37868  
5900 38500 38500  
6000 39152 39152  
6100 39736 39736  
6200 40452 40452  
6300 41268 41268  
6400 41984 41984  
6500 42768 42768  
6600 43452 43452  
6700 44148 44148  
6800 44864 44864  
6900 45512 45512  
7000 46180 46180  
7100 46768 46768  
7200 47376 47376  
7300 48100 48100  
7400 48772 48772  
7500 49432 49432  
7600 50032 50032  
7700 50592 50592  
7800 51228 51228  
7900 51808 51808  
8000 52352 52352  
8100 52872 52872  
8200 53348 53348  
8300 54412 54412  
8400 55392 55392  
8500 56344 56344  
8600 57260 57260  
8700 58088 58088  
8800 59056 59056  
8900 59944 59944  
9000 60796 60796  
9100 61616 61616  
9200 62368 62368  
9300 63304 63304  
9400 64196 64196  
9500 65040 65040  
9600 65856 65856  
9700 66640 66640  
9800 67468 67468  
9900 68276 68276  
10000 69008 69008  
