100 468 468  
200 1036 1036  
300 1480 1480  
400 2272 2272  
500 2600 2600  
600 3260 3260  
700 4068 4068  
800 4944 4944  
900 5828 5828  
1000 5700 5700  
1100 6320 6320  
1200 7120 7120  
1300 7900 7900  
1400 8836 8836  
1500 9716 9716  
1600 10688 10688  
1700 11708 11708  
1800 12556 12556  
1900 12520 12520  
2000 12400 12400  
2100 12824 12824  
2200 13740 13740  
2300 14568 14568  
2400 15440 15440  
2500 16228 16228  
2600 17100 17100  
2700 18120 18120  
2800 19072 19072  
2900 20040 20040  
3000 20932 20932  
3100 21860 21860  
3200 22976 22976  
3300 24060 24060  
3400 25116 25116  
3500 26124 26124  
3600 26912 26912  
3700 26960 26960  
3800 26940 26940  
3900 26888 26888  
4000 26800 26800  
4100 26676 26676  
4200 27748 27748  
4300 28732 28732  
4400 29680 29680  
4500 30600 30600  
4600 31436 31436  
4700 32400 32400  
4800 33280 33280  
4900 34136 34136  
5000 34956 34956  
5100 35720 35720  
5200 36800 36800  
5300 37900 37900  
5400 38940 38940  
5500 39968 39968  
5600 40944 40944  
5700 41968 41968  
5800 42980 42980  
5900 43912 43912  
6000 44864 44864  
6100 45748 45748  
6200 46820 46820  
6300 48036 48036  
6400 49152 49152  
6500 50336 50336  
6600 51420 51420  
6700 52516 52516  
6800 53632 53632  
6900 54680 54680  
7000 55748 55748  
7100 56736 56736  
7200 57424 57424  
7300 57548 57548  
7400 57620 57620  
7500 57680 57680  
7600 57680 57680  
7700 57640 57640  
7800 57676 57676  
7900 57656 57656  
8000 57600 57600  
8100 57520 57520  
8200 57452 57452  
8300 58616 58616  
8400 59696 59696  
8500 60748 60748  
8600 61764 61764  
8700 62692 62692  
8800 63760 63760  
8900 64748 64748  
9000 65700 65700  
9100 66620 66620  
9200 67472 67472  
9300 68508 68508  
9400 69500 69500  
9500 70444 70444  
9600 71360 71360  
9700 72244 72244  
9800 73172 73172  
9900 74080 74080  
10000 74912 74912  
