100 0.000189 
200 0.000389 
300 0.000583 
400 0.000793 
500 0.000985 
600 0.001434 
700 0.002388 
800 0.002910 
900 0.002137 
1000 0.001970 
1100 0.002034 
1200 0.002250 
1300 0.002379 
1400 0.002572 
1500 0.002797 
1600 0.002953 
1700 0.003191 
1800 0.003336 
1900 0.003530 
2000 0.003708 
2100 0.003909 
2200 0.004135 
2300 0.004398 
2400 0.004629 
2500 0.004762 
2600 0.004950 
2700 0.005164 
2800 0.005360 
2900 0.005555 
3000 0.005757 
3100 0.006062 
3200 0.006218 
3300 0.006397 
3400 0.006627 
3500 0.006799 
3600 0.006975 
3700 0.007322 
3800 0.007370 
3900 0.007659 
4000 0.007759 
4100 0.007962 
4200 0.008277 
4300 0.008610 
4400 0.008669 
4500 0.008865 
4600 0.009073 
4700 0.009465 
4800 0.009512 
4900 0.009716 
5000 0.009919 
5100 0.010293 
5200 0.010349 
5300 0.010580 
5400 0.010796 
5500 0.011137 
5600 0.011231 
5700 0.011420 
5800 0.011683 
5900 0.012076 
6000 0.012057 
6100 0.012255 
6200 0.012605 
6300 0.012708 
6400 0.012920 
6500 0.013304 
6600 0.013376 
6700 0.013550 
6800 0.013923 
6900 0.013981 
7000 0.014207 
7100 0.014533 
7200 0.014584 
7300 0.014830 
7400 0.015223 
7500 0.015209 
7600 0.015568 
7700 0.015696 
7800 0.015822 
7900 0.016202 
8000 0.016267 
8100 0.016582 
8200 0.016657 
8300 0.016967 
8400 0.017367 
8500 0.017464 
8600 0.017811 
8700 0.017907 
8800 0.018143 
8900 0.018433 
9000 0.018600 
9100 0.018948 
9200 0.019007 
9300 0.019350 
9400 0.019448 
9500 0.019842 
9600 0.019892 
9700 0.020261 
9800 0.020323 
9900 0.020783 
10000 0.020794 
