100 0.000027 
200 0.000061 
300 0.000097 
400 0.000142 
500 0.000161 
600 0.000214 
700 0.000249 
800 0.000280 
900 0.000309 
1000 0.000382 
1100 0.000383 
1200 0.000512 
1300 0.000908 
1400 0.000718 
1500 0.000714 
1600 0.000864 
1700 0.000918 
1800 0.000843 
1900 0.001042 
2000 0.001296 
2100 0.001080 
2200 0.001370 
2300 0.000999 
2400 0.001369 
2500 0.001414 
2600 0.001414 
2700 0.001438 
2800 0.001295 
2900 0.001537 
3000 0.001565 
3100 0.001576 
3200 0.001529 
3300 0.001816 
3400 0.002142 
3500 0.001881 
3600 0.001877 
3700 0.002501 
3800 0.002371 
3900 0.002459 
4000 0.002922 
4100 0.003081 
4200 0.002410 
4300 0.002333 
4400 0.002276 
4500 0.002473 
4600 0.003386 
4700 0.002901 
4800 0.002436 
4900 0.003455 
5000 0.003784 
5100 0.003396 
5200 0.002735 
5300 0.004787 
5400 0.004926 
5500 0.003517 
5600 0.003859 
5700 0.006622 
5800 0.003565 
5900 0.004243 
6000 0.004970 
6100 0.004271 
6200 0.004593 
6300 0.005725 
6400 0.005205 
6500 0.006073 
6600 0.005119 
6700 0.013526 
6800 0.004865 
6900 0.009869 
7000 0.005854 
7100 0.006105 
7200 0.007262 
7300 0.007040 
7400 0.007155 
7500 0.008589 
7600 0.007043 
7700 0.005736 
7800 0.005126 
7900 0.006027 
8000 0.007641 
8100 0.007253 
8200 0.006122 
8300 0.008489 
8400 0.006244 
8500 0.011785 
8600 0.010474 
8700 0.008531 
8800 0.004674 
8900 0.007810 
9000 0.007396 
9100 0.006908 
9200 0.008328 
9300 0.006417 
9400 0.007988 
9500 0.009526 
9600 0.011947 
9700 0.011302 
9800 0.010189 
9900 0.008341 
10000 0.008081 
