100 647 472  
200 1444 1050  
300 2797 2020  
400 3802 2075  
500 4711 2928  
600 5439 3629  
700 7038 4316  
800 7729 5078  
900 10104 5897  
1000 10181 6189  
1100 12702 7784  
1200 14052 8412  
1300 14198 9162  
1400 16972 10711  
1500 17518 10487  
1600 18526 11230  
1700 19136 10867  
1800 21852 13536  
1900 23878 16816  
2000 24130 15860  
2100 27010 14484  
2200 27477 17471  
2300 28285 17605  
2400 30263 19108  
2500 30882 17210  
2600 31194 18516  
2700 32988 19789  
2800 34878 22744  
2900 39944 21581  
3000 43705 31315  
3100 39994 23411  
3200 42044 22175  
3300 47680 31592  
3400 43549 24437  
3500 45936 27523  
3600 44941 26451  
3700 52412 32533  
3800 52567 32812  
3900 49226 29838  
4000 57961 36349  
4100 56643 31830  
4200 58933 33042  
4300 67264 35211  
4400 64229 37848  
4500 60405 34953  
4600 60083 34679  
4700 68164 36211  
4800 63430 36083  
4900 75635 43368  
5000 71703 44296  
5100 69215 44435  
5200 74902 45207  
5300 71160 44104  
5400 78101 45252  
5500 78611 48894  
5600 82667 48995  
5700 87209 56661  
5800 83967 49935  
5900 80572 49868  
6000 91954 58118  
6100 85152 49636  
6200 93408 57835  
6300 107566 60288  
6400 91512 56475  
6500 94681 54782  
6600 94505 59495  
6700 98573 53453  
6800 99517 59050  
6900 102962 64693  
7000 100288 61131  
7100 113766 63437  
7200 103936 58995  
7300 103566 59885  
7400 103990 63585  
7500 114057 65285  
7600 126248 73840  
7700 113445 66330  
7800 111378 68400  
7900 116761 73089  
8000 119763 70898  
8100 125048 67295  
8200 123437 73071  
8300 120393 68684  
8400 127140 73060  
8500 132664 74532  
8600 134055 77221  
8700 146644 67032  
8800 143027 84489  
8900 133678 74310  
9000 134136 83269  
9100 141072 72550  
9200 138222 91057  
9300 150633 74007  
9400 144464 85781  
9500 153096 104812  
9600 154188 95883  
9700 150075 90401  
9800 157908 84946  
9900 151821 88927  
10000 153382 85906  
