100 0.000043 
200 0.000084 
300 0.000124 
400 0.000176 
500 0.000239 
600 0.000301 
700 0.000373 
800 0.000412 
900 0.000453 
1000 0.000594 
1100 0.000593 
1200 0.000607 
1300 0.000743 
1400 0.000769 
1500 0.000827 
1600 0.000794 
1700 0.000952 
1800 0.000881 
1900 0.000926 
2000 0.000938 
2100 0.000997 
2200 0.001144 
2300 0.001235 
2400 0.001247 
2500 0.001219 
2600 0.001270 
2700 0.001365 
2800 0.001411 
2900 0.001764 
3000 0.001541 
3100 0.001433 
3200 0.001560 
3300 0.001475 
3400 0.001464 
3500 0.001471 
3600 0.001476 
3700 0.001566 
3800 0.001618 
3900 0.001574 
4000 0.001658 
4100 0.001781 
4200 0.001774 
4300 0.001817 
4400 0.001794 
4500 0.002014 
4600 0.001964 
4700 0.001895 
4800 0.001706 
4900 0.001876 
5000 0.001860 
5100 0.001973 
5200 0.001946 
5300 0.001905 
5400 0.001846 
5500 0.001880 
5600 0.001931 
5700 0.002077 
5800 0.002132 
5900 0.001922 
6000 0.001949 
6100 0.002041 
6200 0.002077 
6300 0.002056 
6400 0.001913 
6500 0.001947 
6600 0.002067 
6700 0.002136 
6800 0.002125 
6900 0.002050 
7000 0.002108 
7100 0.002187 
7200 0.002151 
7300 0.002192 
7400 0.002395 
7500 0.002242 
7600 0.002373 
7700 0.002294 
7800 0.002270 
7900 0.002379 
8000 0.002467 
8100 0.002421 
8200 0.002438 
8300 0.002489 
8400 0.002612 
8500 0.002611 
8600 0.002541 
8700 0.002568 
8800 0.002751 
8900 0.002788 
9000 0.002760 
9100 0.002700 
9200 0.002915 
9300 0.002822 
9400 0.002856 
9500 0.002895 
9600 0.002943 
9700 0.002872 
9800 0.002959 
9900 0.003115 
10000 0.003147 
