100 515 265  
200 1360 673  
300 2061 989  
400 3177 1508  
500 4150 2238  
600 5038 2970  
700 6989 3603  
800 7091 4106  
900 7896 4409  
1000 9748 5753  
1100 10760 5886  
1200 10978 5759  
1300 13760 7555  
1400 14407 7589  
1500 15276 9041  
1600 16677 8514  
1700 21377 10608  
1800 19946 8668  
1900 21031 11545  
2000 19775 10989  
2100 20993 12136  
2200 23993 13514  
2300 26329 13346  
2400 25830 13524  
2500 27193 15349  
2600 31208 15852  
2700 31921 18124  
2800 33230 18385  
2900 41931 22554  
3000 37697 19910  
3100 36564 19052  
3200 39829 22218  
3300 40934 18930  
3400 39901 19096  
3500 38311 21103  
3600 45140 21371  
3700 45688 23608  
3800 44923 26092  
3900 44042 24026  
4000 48759 25319  
4100 55083 25508  
4200 56390 30417  
4300 55252 31941  
4400 56178 29917  
4500 61567 36259  
4600 63206 33842  
4700 62780 32814  
4800 64883 27498  
4900 64659 34144  
5000 62083 34522  
5100 67812 36223  
5200 70689 33609  
5300 66068 38135  
5400 68435 35675  
5500 68921 36440  
5600 72517 36517  
5700 74182 41064  
5800 80556 43409  
5900 76520 39426  
6000 76889 40100  
6100 80578 42845  
6200 81989 43420  
6300 81857 42478  
6400 85129 39162  
6500 82767 40689  
6600 87800 44203  
6700 87844 48051  
6800 95895 44725  
6900 88972 48976  
7000 88669 51756  
7100 97356 52089  
7200 102526 47652  
7300 94742 52580  
7400 112595 55963  
7500 95508 54666  
7600 103827 57063  
7700 105598 52499  
7800 98554 53795  
7900 112260 53228  
8000 107770 59535  
8100 106705 57001  
8200 106238 57995  
8300 112482 58017  
8400 115552 62505  
8500 113515 62086  
8600 117098 57447  
8700 119200 57937  
8800 125501 65148  
8900 126190 66076  
9000 123397 65390  
9100 123882 61845  
9200 128741 71140  
9300 126213 66395  
9400 130656 66189  
9500 127006 68967  
9600 142528 64986  
9700 124842 68919  
9800 137180 67636  
9900 137189 75875  
10000 137387 76863  
