100 0.000047 
200 0.000089 
300 0.000160 
400 0.000189 
500 0.000260 
600 0.000294 
700 0.000357 
800 0.000431 
900 0.000442 
1000 0.000460 
1100 0.000563 
1200 0.000610 
1300 0.000644 
1400 0.000760 
1500 0.000772 
1600 0.000818 
1700 0.000818 
1800 0.000994 
1900 0.001101 
2000 0.001012 
2100 0.001051 
2200 0.001150 
2300 0.001149 
2400 0.001245 
2500 0.001202 
2600 0.001278 
2700 0.001279 
2800 0.001329 
2900 0.001372 
3000 0.001691 
3100 0.001424 
3200 0.001451 
3300 0.001755 
3400 0.001461 
3500 0.001515 
3600 0.001512 
3700 0.001718 
3800 0.001757 
3900 0.001635 
4000 0.001900 
4100 0.001949 
4200 0.001749 
4300 0.001790 
4400 0.001799 
4500 0.001680 
4600 0.001686 
4700 0.001807 
4800 0.001687 
4900 0.001922 
5000 0.001907 
5100 0.001894 
5200 0.001969 
5300 0.001963 
5400 0.001906 
5500 0.001982 
5600 0.002016 
5700 0.002240 
5800 0.002068 
5900 0.001974 
6000 0.002182 
6100 0.001964 
6200 0.002190 
6300 0.002357 
6400 0.002162 
6500 0.002164 
6600 0.002251 
6700 0.002178 
6800 0.002303 
6900 0.002435 
7000 0.002350 
7100 0.002515 
7200 0.002375 
7300 0.002737 
7400 0.004662 
7500 0.004979 
7600 0.003935 
7700 0.003507 
7800 0.003338 
7900 0.003408 
8000 0.003339 
8100 0.003266 
8200 0.003205 
8300 0.003084 
8400 0.003218 
8500 0.003134 
8600 0.003206 
8700 0.003126 
8800 0.003350 
8900 0.002987 
9000 0.003154 
9100 0.003008 
9200 0.003375 
9300 0.003143 
9400 0.003337 
9500 0.003749 
9600 0.003578 
9700 0.003454 
9800 0.003409 
9900 0.003451 
10000 0.003431 
